[{"id": 0, "img_name": "DSC8679", "width": 1229, "height": 817, "position": [1.6524406775252367, 3.6740930023884997, -1.1942503329743437], "rotation": [[0.9792522459100792, -0.029457582925988542, 0.200492617540458], [0.12119902265748925, 0.8780568432405518, -0.462954616507176], [-0.16240639084388048, 0.47764885726503675, 0.8634093660405066]], "fy": 1164.6783672548916, "fx": 1164.2999030587619}, {"id": 1, "img_name": "DSC8687", "width": 1229, "height": 817, "position": [-3.759264160282321, 0.25790284983600276, 3.8937608816900537], "rotation": [[0.31631588995888, -0.02018708177023069, 0.9484391068957054], [0.5194770913497857, 0.8402406878474971, -0.15536775099206176], [-0.7937807060657798, 0.5418376769985334, 0.2762682074769822]], "fy": 1164.6783672548916, "fx": 1164.2999030587619}, {"id": 2, "img_name": "DSC8727", "width": 1229, "height": 817, "position": [0.7385274170085682, 2.2232770564575346, -0.4858800427780316], "rotation": [[0.9199099575169608, -0.0928443012745462, 0.38097979707851265], [0.23367459890396586, 0.9100094667907667, -0.3424601468466883], [-0.31489974894911255, 0.404057800409825, 0.8588221247963749]], "fy": 1164.6783672548916, "fx": 1164.2999030587619}, {"id": 3, "img_name": "DSC8735", "width": 1229, "height": 817, "position": [-2.9532776138218826, -0.5771625512634171, 2.9674384108942036], "rotation": [[0.3662771169992455, -0.26617126644381744, 0.8916243213834039], [0.4890199672074616, 0.8702809334378714, 0.058911531697287876], [-0.7916442036894692, 0.4144441504161952, 0.44892705526695986]], "fy": 1164.6783672548916, "fx": 1164.2999030587619}, {"id": 4, "img_name": "DSC8776", "width": 1229, "height": 817, "position": [3.8171171854892205, 1.7439966211054192, -1.059615679823769], "rotation": [[0.9981310920346187, -0.04037937436870833, -0.045867518347641814], [0.02512943500849529, 0.9554012897909643, -0.29423950612029615], [0.055703093360542986, 0.29253697474226004, 0.9546304435742206]], "fy": 1164.6783672548916, "fx": 1164.2999030587619}, {"id": 5, "img_name": "DSC8784", "width": 1229, "height": 817, "position": [-2.3806866317830133, -0.9990798267153209, 1.5202557710847338], "rotation": [[0.5488056113230304, -0.33359809582979205, 0.7665016056337336], [0.45514161997402963, 0.8883442092090539, 0.06075089902344202], [-0.7011836469483375, 0.31552634822384856, 0.6393626645564721]], "fy": 1164.6783672548916, "fx": 1164.2999030587619}, {"id": 6, "img_name": "DSC8816", "width": 1229, "height": 817, "position": [1.6144909692067049, 0.6507361825438813, -1.0741423342533534], "rotation": [[0.9414275044157876, -0.19480962123376835, 0.2752516401480979], [0.21722632884935006, 0.9746736901022335, -0.05314056715099455], [-0.2579282380510058, 0.10981989481533407, 0.9599023985378162]], "fy": 1164.6783672548916, "fx": 1164.2999030587619}, {"id": 7, "img_name": "DSC8824", "width": 1229, "height": 817, "position": [-2.4920777744598186, -2.3539425169631443, 1.678480123006682], "rotation": [[0.45767086401339463, -0.48436772853111226, 0.7456039724886419], [0.47507267678674747, 0.8420615753295496, 0.25541780502578837], [-0.7515605976924997, 0.2373187875224542, 0.6154969220759474]], "fy": 1164.6783672548916, "fx": 1164.2999030587619}, {"id": 8, "img_name": "DSC8856", "width": 1229, "height": 817, "position": [3.8040300258688906, 0.0007485214012419867, -1.7064936415386995], "rotation": [[0.9999846367161767, -0.005357000608031883, -0.0014243862192957956], [0.00531289615854661, 0.9995551342364732, -0.029348028143547526], [0.0015809699632423123, 0.029340009645388715, 0.9995682389752008]], "fy": 1164.6783672548916, "fx": 1164.2999030587619}, {"id": 9, "img_name": "DSC8872", "width": 1229, "height": 817, "position": [3.775817095518512, -0.946476263167504, -0.6457922726605128], "rotation": [[0.9995592983096385, -0.02187313170506648, -0.020069261873716694], [0.022809341662025577, 0.9986026261409185, 0.04767104988781257], [0.01899850245908838, -0.04810780782652797, 0.998661452009858]], "fy": 1164.6783672548916, "fx": 1164.2999030587619}]